8475
45
-5958
589
-6732
-2932
-2095
-9384
4684
-9090
6192
945
5852
-8427
-52
4540
8912
952
-6604
9586
8294
-5046
6646
3191
9415
-5367
-3093
6920
-357
7421
3115
7790
2251
3739
-6164
3220
-3156
-6008
4277
-3433
6986
-894
2925
9615
5238
2723
3790
-8269
3698
-1020
-3525
-3338
-3641
-842
-3083
6851
-9322
901
-3808
-1608
-8150
6473
-173
5857
-5777
-1730
2926
6242
-6110
8410
-4367
2144
-8820
4017
-4612
-747
-6643
-602
5775
5862
3426
4902
-4518
1023
-2164
7770
8870
-6296
6250
-3083
2119
1269
-4370
9173
-228
-9956
-9187
-8953
-7943
-3265
-8759
7795
1623
-8505
1430
176
1770
6661
2987
8796
428
-5419
-8044
-2722
2803
-8923
-9169
-5503
-8241
-2711
-8366
-4973
258
8470
-8646
-5566
-9987
5
7937
1189
3300
-2208
6330
643
135
1953
8487
5726
1045
-6269
8026
-8844
-5295
-940
3785
-2924
4926
7150
7006
3055
4785
-7074
-7758
-306
-8579
-146
-8504
1042
7396
-6937
9320
-7667
4306
-6870
4110
-9038
-616
3110
-8068
-7916
-6360
3875
829
-1272
6293
2129
1891
-9258
1550
-8872
-2426
-3053
-5400
-2347
-3000
1781
-1219
8688
-7572
7603
-1271
-6376
4535
1908
1304
303
-6994
-5118
-4901
-9656
-6131
4550
-4549
9213
9319
1109
-1988
1287
-9361
829
-3783
6074
-892
-5008
229
8232
-9794
-5143
6166
6665
-9470
-3694
-7724
8460
586
-8430
9612
6234
-1924
-5399
2380
3634
170
6166
-5977
-7108
-2659
-9436
3336
-3653
3708
6385
-9428
7614
-6176
9898
7149
-81
-1148
-8864
-1715
3561
4643
4756
6466
4702
6261
986
548
-7773
-7897
7210
-8265
-8818
8202
9093
-1169
-1999
-7525
-1406
-3305
5480
7943
-2066
-4676
3436
-3270
-1888
8750
-5059
-6601
9818
1831
-9166
-2331
9901
-8376
-1366
5323
1365
6078
7293
702
3580
7614
3665
-4173
1822
-8647
350
-2064
-2798
-8256
-3038
442
2965
-8755
6046
-3438
385
-2743
8855
612
-943
-5479
-3278
4033
227
9102
2159
471
-2429
4658
-914
-7227
-8737
-7602
1513
-315
-5033
-4091
-9101
-1475
-4505
-1289
-9302
-9779
-3961
9566
-9855
-7500
-7285
-3763
7057
-1940
-7573
7950
-7456
3773
9242
-2644
-5344
-7968
4305
-381
2156
-2090
9194
-437
-1554
1942
4661
6185
4920
3007
-8906
9
-53
-9525
-9579
-3311
4741
-5118
1911
7412
-9440
4636
-8729
-2853
3408
4419
7509
-2950
6202
-8371
5604
5112
-6083
5103
2269
7153
-3684
9389
642
1286
1041
5344
-6357
-2307
1278
5341
2682
-9749
-72
3990
5115
-9748
-901
-8032
-6309
3778
1431
-9772
-3576
5086
4140
-7118
786
7159
-5218
-4271
-3264
80
9661
9663
-7212
-9939
8366
-4497
8639
8524
-2077
-3811
-4171
6908
-1038
6546
5374
7330
6495
-9718
4992
3413
8632
-9131
6008
6329
-1507
8943
-3019
-889
-993
-5364
2415
-4543
-957
3994
2729
4466
5508
-3010
2697
-3563
-6036
3584
-4347
9864
-7893
-1659
-1503
-9844
821
-6831
1577
296
-6033
-4702
-4255
-4003
6069
-1547
2712
-4734
-660
-6851
-4837
5563
-3305
2977
-502
8068
-2671
6693
-7303
1403
-7610
-3250
6088
-1516
-6780
5844
-4447
-4089
-3700
8950
-4078
253
6423
2853
783
3833
863
8977
5317
-8235
7694
4773
-4818
8796
-3886
-7143
-3907
-1572
-6574
5667
-9396
3147
-4741
1908
7585
766
7181
-2685
4558
-6982
-473
8252
9425
5660
-9404
3886
-7109
-6246
5368
6869
8016
9693
-1101
-273
-9071
5293
-8550
6961
-6559
3228
-5926
-709
-409
-3483
-3490
-7185
137
8401
6396
8224
-5610
-2948
7118
3357
-5355
-2304
-9524
-37
-2671
-5570
8486
-3347
-868
-557
-1082
4953
-5194
-1207
2669
9388
-7821
7989
6887
-1095
3197
-739
-2050
9085
2431
-4456
5600
4211
7703
-2023
5720
-8750
-227
-4358
5112
-4044
-2152
-398
5237
5801
1434
8614
11
3429
8086
-7354
-5484
6493
4788
-6042
-9650
-6177
7545
5433
-2583
-8023
-4591
-9417
4555
-1941
-9315
-1524
4659
-7827
1867
1056
-2670
7489
-9618
-6298
-3583
8844
-5716
-4799
3010
2011
-200
-8925
-3081
-3869
-719
2653
-7695
-2657
-3963
-1779
-8448
3233
781
5060
-9392
2368
6343
8405
6699
8137
2090
-1350
1509
6520
-1269
-5236
9630
690
4029
-83
-7456
-3706
1825
550
-8053
-528
-1187
-9398
-9024
3801
-5368
6589
189
5224
2915
-3805
-5438
845
-3909
-2215
-9604
9926
-2298
-4185
-9518
-2466
8158
8823
3682
1094
3299
-8177
9298
-9909
-352
7253
-9978
9266
5974
8242
5632
4448
4174
6638
2709
-7700
2219
-7693
-730
-7813
1286
-6665
-2255
8185
2044
-7333
-5699
-9935
8315
-3764
2481
1156
-3033
2610
1606
-5015
-2081
-3162
-7255
-2481
700
2272
3884
-5625
-8394
-7355
131
1172
2827
-8765
8
-5059
-5354
-3924
-7964
-2780
-1448
-4790
8438
3521
-1425
7841
5398
-2146
2087
-5918
3340
-8547
4470
9636
-797
-5794
-7075
-8461
4942
6323
7329
8378
-8933
-2363
545
-1500
-3332
1454
9555
-1731
7413
6443
6494
7001
4185
9308
5566
9487
-8663
-7240
8509
6565
-3215
-4198
-1795
-8601
-4555
4191
6296
-9333
-4564
9339
7284
-3370
-3120
-6687
945
123
9408
6777
-3848
-401
-5617
-3904
-4733
3106
3447
6654
3333
-1404
8075
7867
1900
865
-8011
6164
-5954
9809
-2104
-2663
-9895
1392
-9686
6326
9353
9098
2668
-792
3919
-5954
8626
-1392
-8559
-5712
6286
2222
7517
-8806
-4009
-3216
-4091
2413
8149
6598
4107
-2776
2072
-5736
8585
-8626
-7259
9692
-4835
5232
913
-5738
-2667
-8323
-2756
9030
7785
-350
3115
8431
5641
4843
7604
4894
4301
-4888
-6501
5739
-1004
328
1501
1118
-8593
7588
5674
1178
-3649
-6629
-7403
-5553
9677
-9857
-8326
8683
6941
6180
-1770
-6097
-780
-774
1294
2984
-7754
-1698
6846
-1038
9348
9654
4868
-5838
-6257
-8115
292
5440
-4784
6656
-4798
-3530
4001
228
3703
-5385
8690
-2783
8870
-2726
6590
8187
-1564
8304
5408
802
8650
-6203
6236
-2592
-5017
-7690
5660
7149
1813
-3456
3379
3530
8852
-1633
3228
508
4430
9382
-3981
5808
-1153
-8668
-8413
-5363
-4916
8758
9780
-2948
1677
-6817
3288
5658
-584
-9789
3397
-1883
-1776
-3300
-9369
1638
7922
-2131
1295
-2519
-4078
4363
6790
-5343
-3689
-1510
-364
-6622
-9431
-46
-4744
-3696
-8169
5714
-1436
-7309
623
7085
-3097
3914
8363
-3521
-3886
-140
-3017
4074
-2031
2517
590
4669
865
-2158
-3934
-1657
6638
2464
8076
1578
5214
3373
-9248
7877
-7970
3172
-2960
6778
9433
-4793
6167
6360
9520
-7095
-6882
-7916
8377
3060
2476
-7125
-5998
6200
2069
5594
6518
-6867
3163
2109
6725
-3982
646
1401
8496
8793
-2591
3171
8799
806
-1810
7995
2862
-5607
1923
-5730
8896
-9910
-1707
-1207
821
-4507
4798
6417
5536
-2560
3038
-6367
-4859
4911
-1952
-4366
5773
2792
-9397
3984
-9949
-9923
-3292
2727
-1673
-4764
-2926
-2783
-5915
2971
5937
-8259
5349
2598
1851
6489
9213
6346
-4204
-2737
-6094
1994
2310
-1391
6878
-4127
794
469
-1022
-9841
4867
-2530
-2788
-3116
-4658
4504
-1696
-8111
-8522
-8693
5840
-5593
768
9585
-7122
-8541
9339
-3954
-7895
3605
-1814
-7932
-3375
-4722
-7686
-149
-2351
8311
2168
8916
-7220
-6904
-8405
-2583
2805
7556
194
-661
4079
4895
6713
8904
7386
8295
5382
-3017
-9535
-8557
5200
8692
-1739
2678
1427
-7591
2615
459
-8641
5311
-8536
-6565
3255
-6954
6732
-2583
8251
-2523
-5517
-2754
-7931
5219
-5118
7176
-5360
5454
-5713
9652
3518
9557
-2254
-6463
-4063
-5945
-83
9754
-8534
-6530
2554
2327
957
6092
6712
6167
3365
5641
550
-5900
3777
3228
-6384
-2169
6626
-2145
3005
-140
-2707
5708
-3912
433
-7294
9573
-8187
7222
8852
-5996
904
5102
-2744
-4344
-4141
-9495
-1743
-1961
-4402
-7694
-2125
8713
-7931
-2537
6927
4097
-2182
-7479
-8498
-3345
-8017
6071
-7377
7807
8399
-6930
5246
1657
7992
-4912
-6895
5625
-3962
-8589
8944
2805
2154
-4653
-1056
-5457
-593
7199
1648
6011
3746
6226
-3942
4735
-4501
9997
-4007
-7241
-9997
184
9873
3499
2649
-2705
-2033
-5168
-6668
1084
-3708
-63
-9367
7471
-8329
-7670
-9218
3579
5439
-1826
-9587
-4615
-2019
1782
7955
-494
-1572
4650
-4960
3249
6958
-2388
7453
-8530
9874
-1182
546
-6027
-7208
-9484
5437
-5530
-6812
-5446
9270
-5565
-3366
-5408
-2007
-9094
-4843
5189
1092
-7509
-6204
7166
2447
-6463
-9498
-9877
7815
-7605
-4568
1340
5637
-9988
1079
564
-1544
-9108
-17
-4589
7812
-5750
-9777
3622
-9797
539
9081
2663
9342
-8421
5045
-1320
-5526
62
-4390
-788
4632
7732
-6275
-7893
-4772
1300
-1659
-6005
-6590
968
9830
4358
9004
5157
9168
-6720
-7335
5851
531
-696
2645
-342
-2737
2077
535
7448
-6022
-4516
-4770
-2925
-321
5669
6781
9736
-572
-9575
1813
-1118
9405
7412
6865
-5520
6849
-7765
5845
-6263
-9924
-4667
-6708
-8407
2951
-8548
7150
5246
4925
-9023
6211
-5238
6552
3315
-4974
-4332
-1186
1535
-5090
5608
7741
2019
-151
7748
-4531
-4839
8931
-9700
-5570
9956
3443
6725
-86
-9362
2653
5850
-5982
-1802
9811
3121
-9056
-896
7287
-2433
-8323
9522
3340
6587
5888
-4319
-5741
-6393
-5739
9411
-1428
9271
8915
1036
3339
5127
9413
-1239
5718
-9163
7795
9106
8713
9592
7590
2708
-8745
472
9187
7171
3823
5043
7831
-6985
-5393
4099
8853
4592
-183
2011
6718
7957
5169
-7568
2275
-589
-9055
-729
6555
7846
-9583
7966
-8813
3840
-9452
3386
-3562
7979
4972
-8371
-5122
8434
1424
-2624
-4846
1257
-8497
8873
-7893
9347
5282
8419
-4985
3420
3591
4427
732
9093
2320
-6228
-5163
-3747
3608
3186
-688
8709
-3238
65
-1964
9293
1447
-7306
-5655
4175
6065
-4668
7551
-3438
-3623
8261
-8477
-5964
-7248
1924
-9615
7268
7583
4216
1819
-2231
6302
-8673
-2129
1255
8819
5898
8121
7081
1401
-9500
-6662
1641
-8518
-4482
-2009
-6737
-8736
-427
7384
5108
5945
-4554
-137
5052
3981
-2017
2941
1799
3147
6821
8067
5301
7028
1131
-7056
-1082
-5503
4008
-4041
1541
-2769
-8608
-1922
5397
8778
4434
-1095
-57
-8425
-9280
-2540
-4323
-6845
6590
-3315
-6389
-656
-6656
2809
-1261
-9186
8649
-790
-9195
845
2533
-5939
-4884
1298
-208
4878
-966
4069
5971
3771
-975
4078
6415
7057
6744
6059
-6564
-4999
3647
-5026
-1132
-792
-2033
2978
1461
-9665
665
6651
2414
-6747
1126
7818
-523
-7803
2106
9213
7344
-4218
-4177
3143
-7314
-8423
1130
739
1730
3851
2490
2707
9987
-8219
-8195
5837
-9079
2154
1125
-7600
9470
-8368
-7684
6458
-9385
2463
-4110
-9841
2825
7663
108
3419
-2187
-8228
-306
8138
-8879
9624
-4859
2120
-2886
-6699
6994
-4881
-126
-661
161
2701
5270
-6954
-2281
-6349
-3488
9089
-9628
-6742
9300
-5961
-6142
1787
-7081
-7896
6557
-7268
-8818
-2491
3332
-3294
-5830
-9121
-5904
-4700
-9644
-3676
5661
2320
2929
5461
-7779
1162
-9943
-8549
1975
2665
6983
7960
-3264
-2309
-9168
6818
2440
-5081
680
7545
-3467
-7861
-9292
-1638
-6959
8217
-7667
1451
-8938
-699
1982
7788
-1151
2206
-6485
4594
6766
6123
-3084
-160
-3393
-6706
-5688
6287
5313
9402
-7656
9748
9571
-9545
7577
-1979
-485
-8231
9202
1544
-6603
8821
-2800
1547
-4116
-5461
2077
9186
-3209
-7216
-3453
-9581
-241
-6306
2780
-779
271
-4819
-6536
-1701
6663
2607
-5681
-5385
-6665
2606
-1949
-619
-9618
-7163
3229
-885
8644
-2444
-8121
9525
4197
2896
-7998
8462
9935
2239
-6016
7413
-5442
-6183
7833
2444
-5837
-3129
-9644
4135
9009
-1979
-8697
3080
-8732
-6642
6171
5456
4580
-7712
-7107
-8157
-4899
-4898
3634
-3263
-4524
2512
3887
-3370
9157
9205
-9603
2542
9668
9059
3374
-3655
7008
-5498
-5552
4477
3518
547
2295
5116
-7685
-8275
-7459
7713
-5803
7618
-1186
84
3378
9649
-7126
-1103
-9097
6144
-1610
888
6157
5805
-7922
-3307
-7395
1073
9258
-8811
-5815
5671
9545
4243
-3969
5780
6672
-2163
1734
-2872
-891
-6964
1258
6255
5284
7418
5960
8796
213
6740
-4466
795
-6847
1293
6862
-706
9957
6995
1774
9531
-6163
6972
-7960
9083
1414
-4728
4019
-4093
-8481
4061
7229
-3654
6879
-1859
-7556
-5649
8078
-4685
1696
-3387
271
-7801
9567
-1069
-7838
-2188
-4115
5926
-7454
6532
250
-488
6463
3887
-3171
-3976
5112
8734
-7812
2964
3160
7831
2004
3280
-2849
-3794
-2060
5196
-2716
7736
-7998
7874
-1219
-5752
6457
-2595
7280
-4461
4083
6305
1042
-9744
1420
-9271
-8638
7708
-2846
-7653
-9746
1928
3559
980
-3651
7658
8618
-6094
-5546
2899
3697
532
6453
9547
-2017
-7123
-8026
7702
-3968
-5228
7191
-3755
5680
5278
-68
6333
-1451
-1291
2155
8192
-9448
-5480
2327
9072
5830
5772
1991
8129
-4559
4808
-890
8138
-9057
1598
8860
874
6574
-9328
-434
-2196
2065
-7461
-6770
8648
7080
-1399
1062
67
-6698
-9080
-6485
5708
9595
-7976
-7327
-2800
127
2735
5136
-8445
2914
-1051
-6476
513
-7566
3810
2405
8985
177
6526
2505
7307
-6614
-2864
7062
-3239
-8471
120
-2667
-9626
-2580
5064
8939
175
2234
7864
7794
-298
144
4613
3368
-5002
-2330
8422
3054
1664
9064
-5799
3673
-4082
-786
7614
7152
-6522
-4724
1057
-5819
-7407
-2780
-5529
1289
6861
-2551
8318
8019
6156
-8811
4853
3191
4390
-9279
3281
-5665
-4558
7710
-1631
-1281
4155
6756
5850
9599
-6977
-5521
60
-1305
-3473
-2562
-7456
-3276
-2747
-4257
6062
7298
9312
4258
3984
9832
-9187
647
-4817
5376
4552
5443
2128
9200
1827
-4365
-8879
9381
9991
1963
-7789
-1066
514
538
-9888
5242
414
-4427
-5340
-6999
4068
-6764
-9219
1889
-1777
-6580
-349
-6987
-9031
-2530
-4802
-945
-1591
20
-4727
-4057
-844
2424
722
5575
-3223
6980
125
-727
4818
6580
-8325
2937
2084
-1958
-4720
9876
-5425
4242
-9661
5165
-7947
7020
-1608
758
-1030
-946
-6855
1879
-415
-4016
8175
-3332
-740
9881
-1181
6340
6078
9497
-6595
2975
-5327
577
-9126
-4594
-8692
-1797
-9130
-6360
-806
-6497
-9206
6671
2109
2679
-4031
7149
-6852
818
-6243
1818
-4361
-8743
1266
6774
-4557
4008
7715
5615
-8437
8536
5268
-9295
-8693
5718
2360
-6770
1543
-3790
-1669
-1499
3833
-5101
7684
-1309
9209
7532
-2895
-2047
-6321
1099
-9136
18
-1906
-8471
2618
-2483
30
-3790
8112
-8235
-3360
-1858
9640
-1196
8030
9294
-7946
-1970
-9605
425
5811
91
-9037
7597
4502
-5490
-6855
6066
7568
9569
656
8775
5420
3050
8327
-886
4612
2687
3477
2374
-7589
239
85
-8044
7409
-8786
-3171
4656
1918
-9775
5507
3252
6566
5981
-3866
2751
1863
7084
8428
-2439
-4843
3066
3673
-3714
-6314
-7196
6131
-7754
2827
6177
-4303
2201
1726
-4741
4574
-5863
-6921
2699
7454
-2227
-4019
512
-4163
-2244
7729
-6379
-7140
7624
6
-8051
4930
-8
-8647
-294
1731
-2405
-7864
9200
-2613
-5306
-4971
6822
9849
5327
4077
6178
-3080
-1359
5835
-393
-3641
-4390
5204
-5640
8880
9838
-2157
2963
1002
-6600
8391
-3068
979
6180
7763
-1059
9837
-6732
6991
-6401
-8064
-6087
-4051
6874
-4370
-5878
-8639
-7649
-5956
6828
-9698
-2672
-3454
4592
661
4387
-476
-6965
1704
3670
-476
-7839
-6947
-2696
-2527
8623
8320
3625
4077
-384
-1821
-3457
-1337
-6760
-6980
8133
-9213
3240
1358
8342
-7557
-848
3533
-7184
-3623
3070
3317
7615
4036
6005
7588
-8032
-539
-6598
3271
3010
7998
-1557
-3397
9683
2222
5690
-7161
-333
9697
9863
5823
-7670
4217
1345
-825
-2007
-8724
7073
-8452
8710
9405
-3931
-4706
9914
3425
6168
3558
-8755
-2845
-5008
2225
-2981
-7679
-7364
380
-6424
797
1001
-6633
867
-7983
2949
1763
-4659
-1005
-9022
-8220
-8414
-8610
-3950
7765
3152
-8035
4354
-7135
1583
4193
8518
7380
-5623
5563
5758
-7987
-9858
-8440
-3922
5520
-618
-1207
-5906
-3677
3540
-6259
6293
-8325
7217
-256
-7090
-4069
4434
-1802
7835
-5907
8285
-1730
-7814
-8842
-3968
3848
-1570
9134
9452
-8393
-486
-4520
4041
6595
9707
-151
2425
9463
-2841
5902
3114
-596
-2145
5664
973
-9561
9213
5310
2197
3020
-1363
7202
-4041
418
-5143
5790
9948
6978
-2387
-6912
3509
3062
-1493
4265
-4932
7902
-1392
2746
-8286
-3545
6922
-6233
-1125
-9200
6609
7256
2778
-9146
8005
-2313
-5776
6166
-4478
1624
-5401
3616
2927
6956
-1011
-5356
-2484
2370
-1497
-4026
-9923
-7807
2461
6144
319
-2007
-1693
-665
1969
-2966
-4520
3420
-5697
4208
-9344
9438
4656
-196
-6963
1684
3049
-2982
5427
-5521
5545
1551
-1388
7216
-879
141
2030
9214
7417
-4026
5634
2086
-5793
-8783
2523
-9857
3480
-1673
-898
9264
9617
1636
7253
5773
9250
-2377
-2814
-3045
-6438
-5422
-6047
-2047
-9143
1695
-6132
-1458
5708
3996
-5258
-4836
4949
4250
2841
-5332
9811
-1205
-8830
-5676
-8735
6338
5646
-6697
9334
1308
-8005
-3139
-6113
5117
7613
3098
5362
2331
5584
-7454
-937
-9912
-1215
9484
-1517
3580
-48
3450
-48
-2416
-4814
7624
6422
3548
-4009
5738
-8759
1784
9648
-8570
3787
4225
-9617
5561
-1411
1776
8848
-9024
-2683
-5339
-9046
-3297
5229
5916
9542
-9811
-3549
-777
-5813
-3573
7224
2675
-241
6794
2438
-4197
7270
-796
-6087
4519
-9601
7509
-7849
7457
3348
7465
-5403
279
306
151
9927
3320
-1518
4221
-3227
-1630
3260
2366
7136
-1375
7168
-2466
4121
-5608
-106
6914
-8648
2257
-5024
-2640
1577
1427
-5075
-8504
-9604
2082
8558
-3060
-3606
-2368
6551
714
-284
-7308
-8614
-503
1261
-3016
-5022
57
1823
-3226
-7728
-7731
5870
-9077
-377
-2974
-1473
-7281
-853
5423
-5945
-304
-3821
-1014
-1095
-6832
-9728
8290
2951
4852
-5727
-4191
-7598
5149
1521
5216
-956
2568
-8489
7037
1030
8089
9557
4754
-8356
1392
-5969
635
-1177
3391
-8800
-8309
-1462
4523
2637
-1125
-5517
1909
-6370
-8902
-938
-1181
-5638
-1427
6421
1190
1115
1775
-7158
2478
-7278
2108
7298
-2953
-8164
-3778
-4506
7838
6036
433
3825
4348
8715
5521
-8178
9160
-7365
-3237
-7933
-5141
1272
9881
-2123
5744
6561
-4281
-8439
-2503
6746
-4950
530
-4389
-6971
3094
276
-4621
-4098
8885
-2952
-9938
2390
8039
7913
3955
9514
-2445
-5906
1939
-3465
-9659
-3855
6501
-6932
6698
4400
9087
3382
2230
6464
2943
-5646
-2003
-3791
8987
9128
-517
-7868
4025
-3726
1422
-9916
-2586
1641
-8828
2660
2427
1796
-3653
-4521
9016
-6325
2976
4496
-4552
320
7335
-6445
-5303
280
-1743
640
9678
8252
-1402
-1445
2671
1539
1816
-4346
6637
-6611
3629
6975
-858
5386
7757
8310
1034
-7532
2692
-9126
-4053
5539
1371
2763
-9400
-5832
5539
9773
-9236
4628
4555
2976
-9583
-5647
-4361
-6732
8297
7140
-3250
2333
-1014
7440
-6384
-7804
-9735
71
-6585
5591
5676
-2182
-2665
4252
1521
-6179
8204
3947
6473
8979
-4850
3728
5344
-4867
4882
7393
-8548
-32
5398
-8975
-6853
3412
6003
3270
-1900
4622
-6260
-3209
-6504
9905
7408
5739
3660
-3701
7888
-2995
-9335
-8087
370
-8243
-9262
-9618
7162
7836
-2146
-1603
7157
-2022
4612
-1483
-1879
-7861
-3952
-2525
9179
-4332
8221
9784
9750
-1107
-9597
7792
1206
-653
936
2581
2745
-1209
-5513
-2036
-4888
6957
694
1810
2777
-5387
-8962
-8923
-448
6494
-4595
-7975
3375
9428
-8888
-5126
3198
-3209
9312
9000
6695
-8474
-9708
1669
-7208
-1520
4899
5944
7746
-2593
7846
7953
1460
-5155
1213
4238
-7565
-8097
-3162
-2877
7413
-3818
-8636
3103
3047
9786
5605
4949
8861
1924
-1874
2136
-4358
-3722
6982
5308
-2262
-3593
-7230
-402
-6698
7356
-8323
-4715
-3393
-1291
4650
7167
3410
6366
-8752
618
-2788
3403
5387
-6211
4955
-5767
299
-9282
-4295
-7753
9213
-6442
1452
-2918
-4244
9841
6123
-118
-991
-2544
-8081
-1093
3200
3345
-5721
225
-53
-9463
8641
1402
6496
-6888
-5434
3734
-4716
2031
-6274
5777
-6504
6594
292
-6434
9064
-4038
-8535
2484
-1733
9662
3608
-1618
2404
-3677
8163
4888
1316
7514
-8362
9868
-279
5071
-2795
3071
-9510
-9587
4117
-5315
-2603
-3761
-7726
2209
-4625
-7977
140
-6459
6504
1960
-9612
3423
9559
-2653
4814
-7880
-2263
-2041
4436
-7832
2220
-7527
-7876
-5951
2029
7742
-4988
-4369
-8824
-351
-4427
-4717
5636
1014
-2783
6683
2037
4149
-5028
3552
9870
-4649
-7428
7350
-7265
-1892
-5216
8458
8998
1555
-7920
8942
6940
-6382
6758
9798
8324
-7696
-6263
5722
-5407
9754
-4222
-1138
2112
113
4177
-1936
6106
-7967
-1961
1786
-140
-1018
4100
-3083
1451
-1198
-7922
9385
-8785
-4667
6025
-7158
-7056
-8142
5350
3744
-153
2866
4500
-7899
1269
5648
100
5246
-9876
7693
-8922
7339
-4660
-5730
-7080
186
-4762
-1813
-3715
-7422
-4758
-8692
-5388
2077
-561
-789
-5489
6145
9895
-8824
9514
-5868
1045
-3555
-330
-2071
-2261
258
1383
4458
2777
5851
1963
-1333
4680
7525
9290
-6542
1629
8023
-7839
-6974
2914
5188
8309
-5450
3748
-2279
2097
3093
-1288
-6499
3743
1386
6250
-728
2753
274
5043
-8798
-4311
-40
-8674
9125
3556
2329
3826
-9647
-5319
-295
1314
-813
7130
3936
-6176
-3210
9044
-800
5581
-7538
-7497
-4857
3555
4411
982
4407
4883
9295
3706
-5772
-5665
-9286
-6494
3297
-8375
6064
-4066
6148
-129
-3636
-6749
-3446
4436
-1505
9602
-8295
7942
-2028
-6231
-9888
7041
-8906
-3115
-6859
7052
2909
-1805
5465
-4538
-9188
-1724
6033
-987
-2585
-7831
8145
8517
-3454
-3479
1070
-8520
9886
7448
6341
6804
1519
-9439
-9703
4905
-5336
4123
8363
-6624
3284
7839
-1697
-9709
6241
-5230
-4507
8709
-9559
-7737
6870
3069
-5873
8816
2621
3596
-2614
-3931
-5092
5032
-6067
4127
-1484
-3769
-9679
-3504
4120
-3681
601
-3841
-7833
7157
-5243
5985
9334
-7635
9884
3070
8790
7121
6511
7347
-2391
-3675
-4239
1710
1051
-6681
-5430
-8474
-6691
-2333
-7402
-9027
-5624
6199
963
-1581
-5196
5237
271
3852
6328
-117
-7028
6139
2879
-466
-4766
-8648
-5410
-3276
-8115
930
-9328
-7330
3539
7048
-4745
-3647
-7656
-5600
2655
8614
2979
5540
1897
5856
5487
9734
-2642
5976
8612
7292
-1779
5756
2311
6668
4267
-7348
-3192
6306
1853
-6009
-5439
-8724
-9284
-1446
3135
-6366
4716
5046
5195
6364
5344
-1468
6036
9590
-1033
6190
6242
7921
-2861
6692
-549
-6860
-3526
3959
3238
3078
2459
3461
-2516
-4244
4399
5019
2409
7923
9959
-5736
292
2629
-978
-4809
3072
-1889
-299
-2097
-2799
986
-3128
672
7675
6992
2286
7729
-7586
5673
-7883
5927
-6193
4686
9494
9562
6859
-5021
-3479
7072
-7416
-4042
9619
-3985
-8967
-6622
-5572
5907
3978
1709
-7745
4475
-9014
9095
-8884
-8801
-7087
-6468
687
9744
1803
6799
-9185
-6928
-9749
4107
-485
-8847
9135
-5101
-1471
9740
-6665
-7164
-9044
2116
6639
1851
4725
-3638
-2770
6621
-9278
-792
-944
-9480
8893
1259
1724
-2814
-5677
-7165
4806
323
8049
-2314
8233
8465
1564
5649
4460
-9673
4730
3022
-7050
6808
3814
9902
7071
1386
6800
-2165
-7632
-9048
340
-76
6335
9749
2905
1937
1784
3116
-6612
-5149
5881
-3379
-9859
8329
-5506
-2746
1060
8717
-8943
-1262
-9736
1735
-3809
709
-2138
6073
-9720
1247
3548
-3787
3686
9643
-4602
-933
-3549
7398
-7908
-9601
3016
-4785
1821
54
4616
5651
54
-9969
5876
-1862
384
2009
-5865
-5203
1391
-4576
-1897
7207
889
-7124
9767
-1021
6280
-2290
-1860
-6799
-8930
7448
5870
3149
4556
7065
9445
9913
-7565
-65
-8152
-1981
333
-9308
-2093
1772
1681
2741
-4373
-502
8344
6278
-9607
-4652
-4267
2428
7765
-8560
-4462
-9701
1878
-2690
-8887
-8838
-5698
5272
-9677
5661
9630
4641
-3093
-7060
-4685
5375
-2190
9398
-1655
-4420
3903
8677
915
-2495
6284
-350
-4875
-4311
8416
2844
-4692
-8662
6516
-203
4965
-9512
1078
2487
277
-478
-3520
4637
-670
-6599
6782
-1431
-9315
717
8526
-1109
29
-8645
-1036
-1119
-7155
4020
-5185
-671
-4808
-4229
-4139
-3304
5433
3395
2568
-6785
-1820
-3521
6301
8151
-2207
3412
720
-8076
9038
710
-7221
-4917
-2066
1536
-48
7390
9747
-7068
-5821
-4469
-2929
2914
-5298
6884
4864
3702
-3012
-2177
-551
-8444
-5872
-6317
-2662
4602
-4336
-8030
-3683
95
3759
-7183
-1697
1100
9771
-495
-9663
4122
831
8334
-1401
-8822
-4737
7647
5110
-3218
5493
5454
3288
7000
6748
7126
5084
-171
-9824
7019
-5893
-2143
441
5648
-2175
7252
8519
-2440
-231
8326
-683
1004
-8116
217
3760
-9101
-9724
6675
4085
-1910
1046
-1374
9592
-1147
8212
-8374
-3206
5054
362
-5908
-287
1536
-7451
1847
-2162
-7008
-777
8311
-8524
812
5396
7263
8140
-8590
8708
-5695
-1659
4081
-3574
3190
6751
3187
-4627
5823
-4214
206
-2017
789
9897
-7826
1250
290
-1910
-7244
-8848
9231
-48
-1923
9854
9981
-7689
-896
-3218
-4641
6663
5902
-7978
-654
3845
9943
8841
7283
-4414
-6911
-6088
2246
-6036
-9287
-9501
-1862
6358
5446
-956
-8889
8146
-4779
6726
-2551
5957
-8477
4179
379
3522
-2894
7433
-2963
-7847
6395
-8054
1487
-5413
1947
9553
-177
-3617
2841
6080
8235
9999
6293
2485
8575
696
2498
-5147
122
-7230
2819
2107
-549
-5959
-4658
-5407
6735
629
863
-3884
-2695
2044
7505
8148
6325
4566
-4328
-3092
1305
-3049
6907
-9107
-6144
-2816
1345
-6257
-4888
-6386
9289
8970
-5308
-1340
4392
1298
-8447
2662
-1777
-3331
-4118
-616
-4732
-8403
8547
2022
-4555
-5125
-4184
1896
-6816
2895
1873
1950
1533
-8593
-2769
-8063
1571
-9878
6159
-4892
-9437
1056
6568
6572
-3930
-5827
-8508
6654
-5167
-777
611
-3544
-8080
4290
-4504
-8993
-3622
-8988
-2978
6571
283
-1851
-2235
-4081
6195
9841
8196
595
3959
-1046
425
-3902
-9457
1477
-6909
1392
-9516
-4611
9653
-8767
2192
8443
-1811
-2965
1296
-9725
-1450
1616
-7494
-3327
-9020
6183
-9340
-4272
-3491
-3284
-6184
-609
-3365
7917
-2050
2074
6604
6255
2039
6219
3564
1794
85
-4752
-1662
-848
-5098
-1823
-2553
-4959
-3978
5147
-1743
-2593
-8993
-4867
-9707
-1115
1178
-2767
-8137
7823
-8241
5612
-9994
-1227
-3401
-4087
-8116
527
6271
4060
-759
9423
209
-3952
-8927
8237
5330
5497
5768
7095
7909
-8794
8242
-7504
-2203
-3363
-702
4671
-6127
-4120
576
-7917
6353
3260
-4884
8111
1684
29
9847
-7731
9881
7684
5323
9018
2267
-7170
-550
-2004
-3445
8749
-9515
-7582
-6752
-3926
-3520
9879
-3267
1003
-9683
-7062
7292
6925
-5269
6861
9992
-8410
-3456
-6702
3336
9253
5075
-9599
3625
-8429
-6273
-8952
-6563
-7076
-1046
-9229
-5845
8842
-6325
-2348
9708
6983
-88
-9689
-6059
7791
3885
8709
-6743
2501
8011
9683
-456
-8143
7384
-4062
-7112
-7903
-8012
7943
-2650
-1498
5878
7157
-3110
-1004
4403
-1055
-3179
-357
-599
2556
-9249
9802
2535
3448
-5803
-5915
6617
-8510
-4066
-9193
9564
6897
2556
5116
5893
2382
-5618
-9108
6699
3775
-7423
-8185
3698
-2349
812
7288
6128
-6545
3505
5256
-3838
8854
2695
8691
-1823
-1047
-3408
-4756
4301
5068
-3122
-5553
-8094
8025
-7369
4245
-7929
9957
6035
7842
-3953
8814
-1608
-515
6957
-488
1575
-1377
9503
9275
4927
6636
-9732
-5639
-9103
2948
-4346
-9142
1240
-6367
-8910
1139
-7308
2653
-2697
4016
9251
5080
7739
-9180
-9278
-9774
7698
-4134
-7963
-7585
-307
-8621
4230
-1258
5156
-2171
8575
4511
-6034
1350
-3184
6380
9549
-6655
-7213
-3698
-2066
5830
-6330
5232
8744
-9027
7749
8079
8244
-6486
-2408
6486
-2874
1608
-2224
-405
9299
-5917
-8539
3047
4299
8488
-9409
-8421
-3621
9973
3650
2957
4891
6460
434
5306
-1471
-741
1209
-6577
1999
9644
-8948
5897
-5960
904
-8359
-2423
-7922
-7735
-5315
8717
8591
-4463
-1461
-1355
-9865
-9947
-9745
-2118
5496
-3902
-7414
9527
981
5457
-2360
-6270
4175
4998
-6316
1912
4609
-6353
-6925
1562
-2916
-7822
2434
-1102
1124
-7012
8693
1123
-9791
5294
6173
9374
7223
1440
8168
2349
6249
-5907
9105
-7205
-1108
-910
-2732
-2841
2671
-327
-4809
-6032
-5213
-5142
-2430
-8144
9819
-4683
-8113
-8987
-1875
2900
-997
-3786
-2037
-3307
-9880
-3469
5130
-9596
-6960
-8412
9931
-906
-6602
3750
-2847
-7807
-3291
-3487
-5400
-1922
-5795
-6624
5714
-9453
792
-6421
4962
-2980
-5480
6958
-9318
4658
9121
4787
-6963
-2328
-4152
-9458
-7550
-3969
3349
3619
-3178
1466
3959
4818
-3398
8614
-7027
-1995
-8303
-1466
-8771
2034
58
9468
-7545
4124
5128
5293
1020
-214
8754
-3399
-9606
-9136
7484
7102
3535
3225
5354
649
-658
267
-3401
2632
-2213
8543
3534
8845
1943
-2005
9664
-7642
-3464
-4114
6193
-9334
-3344
1270
3573
6697
1170
-8800
-6778
-9033
3393
-3725
-8267
-6317
-1923
-3022
4977
6256
6080
-6701
-1383
2245
3594
9305
2853
7395
1628
-4536
7570
2527
-492
-1457
-5826
-2345
6468
7595
-3112
-1734
-1280
-9152
-4104
165
-8675
6358
-7900
5539
4095
-5067
6991
-5571
-324
6246
-1765
5005
7683
3296
-7689
-5872
-6800
-8580
3239
-814
-8186
-9697
-100
-5328
3305
289
-498
-2467
9640
8870
233
3004
-9952
5610
-8634
-7670
738
6957
6285
5541
9705
2642
39
1649
-3224
-806
3310
-5495
6578
8925
9644
-5559
-7826
9018
-9431
1353
-2141
-4618
5063
-1794
-335
6982
2877
6545
7549
4682
-9512
-8652
8209
-3259
-5536
-6652
4997
-5970
-8593
-6353
6742
-576
2798
-7280
4477
-9010
5257
-3483
-9813
-5612
-1183
-2291
-4901
326
2009
-6095
8501
5592
5683
1076
-1255
820
2961
2483
-2686
5200
5160
-6740
-158
-360
6764
6069
6747
120
-9763
6128
-4954
-2170
-7101
-2254
-6416
-6736
-1199
-885
-950
9358
3227
4066
-8595
-5693
424
6060
-2894
3266
1829
-4245
-538
4074
-1797
148
8787
-9174
855
-2247
-946
5556
7801
-623
-5438
2960
-3057
3937
5727
3753
-6280
-7726
7802
9807
-6431
2464
7070
394
-4708
-4882
1321
-6030
7489
-1072
-4999
11
6935
-9840
-9172
-1381
4485
-9297
6843
8534
-6632
-8674
2744
9869
4644
8684
-2885
-2082
6431
-3450
-5277
4069
2635
2322
7223
-9565
-4919
-8995
-3466
-7109
3336
-6153
-9833
2405
-2741
5100
7906
-9755
3123
-9062
8534
6697
-6512
7030
-6493
-2501
7282
4589
-9296
-145
3671
1055
7402
3233
6153
900
8884
6828
9145
13
-4910
3091
-7856
-8980
-5161
9214
-9373
4313
1130
3709
8010
6097
7728
-5024
9839
-346
-1338
2284
2467
-4781
7359
-4495
6564
191
9796
-5931
-4691
-6847
2216
31
-9874
4028
6688
2398
4248
-5309
999
-2092
9035
-7025
3603
5778
8109
-6213
3684
-2331
-9356
2000
-4085
-1790
7653
9646
-6364
4110
7705
-9510
4126
6239
5902
-3145
-654
-3031
-805
-3852
836
-9243
-7492
9277
-1424
-4460
6766
-9826
-9112
7540
6723
9676
-3924
159
-7178
-8696
3885
6059
-862
-1528
799
8583
7852
-9110
4406
-3926
-564
-8180
5207
2983
2353
8150
-207
8728
6858
2311
-8980
3579
-7743
5680
5388
-5704
-7109
-4189
-3028
5522
-4836
1068
-5281
-4400
857
5084
-5716
-9382
-8383
-9981
820
7798
-9626
8453
-1920
6150
1211
-7839
979
9585
6987
584
6700
-4848
-1761
-5858
-3061
-2686
4907
-9782
7507
2923
77
-9920
4327
8078
-4734
9012
-151
-547
6079
108
-8898
6532
405
7212
92
-4234
5498
555
4131
-6573
439
-6171
-9385
-8199
7185
4868
524
8847
7325
7791
7545
4952
3768
-3616
6214
9214
-9150
-1085
6697
-3409
-5357
-5737
-1944
-4375
4131
-5847
-4355
-4395
-6922
8024
8325
-4044
-3553
-1722
9173
-8624
5885
6662
5514
5234
7199
-3334
2304
-6412
823
243
6373
-2574
-6438
-9447
-3801
4273
-963
-3494
-7652
3361
2156
941
-7050
5338
8734
2002
-7426
7290
144
-1822
5946
243
-4543
-5368
6836
-6132
-7572
1879
-814
8513
6939
-3237
-7212
-4987
-9988
152
-3150
2046
-2801
-1805
-1341
237
-5062
1657
-4296
9882
8827
-566
8135
-4031
8444
8258
9636
-4584
5271
3762
-6788
-3333
-291
-7225
3647
7954
2105
-2288
5151
-7558
-1047
-8151
7418
-238
-6701
7433
-5589
2983
2375
6664
8122
713
-6267
4299
7259
8403
-484
-443
-1045
-36
3997
-2759
-6183
4323
7519
8625
-7082
3058
5587
-2406
-9777
-7847
6945
-9263
-1143
-145
4247
4341
-1642
8293
8324
-9231
-617
-7906
190
-5802
6175
7120
-9949
119
3509
-156
-6430
8796
-3967
-3026
-6907
-7329
-234
-8093
-9960
5417
8610
-4203
-2986
-5724
-9488
6327
8162
-6480
5885
354
5720
-8929
4773
7287
-9076
-424
5768
4665
-5824
-1391
2146
4886
2029
-9721
6778
-3744
-1060
-9549
3339
1222
-1084
4519
3293
-4927
9084
-2208
3678
4774
-2503
-1464
-1128
-2067
-8511
6004
-6477
6219
1756
5777
7914
-8168
-6692
3542
-8954
-4177
-3597
-7725
8343
9192
-7141
-1610
2714
4246
-4359
-6337
-9034
2
-7727
-7255
6305
-9417
8459
1263
1696
3487
-5880
-5925
97
2489
2576
-4064
1091
2174
8974
7308
9276
-8889
-3921
2271
-7068
-6089
3887
3198
-2692
-5460
-3018
-1715
-5275
-1999
9992
-5489
-6538
-9944
7071
3391
-7881
-1348
8263
9727
-1645
8782
-9345
-2393
7993
-1164
3257
-959
3017
5848
-7434
5614
-2643
2707
-5812
5772
5658
4418
-3508
-1357
5742
-4111
3842
-2762
-7675
-4132
130
-6754
-2503
4841
-3935
-6437
5876
8699
-9349
-5060
-7327
6750
-6385
4672
-4091
2130
2985
-4084
-4439
-9981
-7035
-2332
6208
-8169
2035
7300
-1480
3541
3789
-9998
-6363
7127
155
-6917
-2692
9876
871
-8720
-93
-373
6529
-140
-353
-1554
-2036
-3508
6375
-2266
1480
3167
-380
-6068
232
2714
-3279
3181
4152
3152
6217
8795
-9091
831
-1126
3939
-9957
8346
2105
-1976
-3383
-1618
-2409
5926
-174
-2782
-4535
-6231
3253
5262
-4137
2079
-2054
370
5194
9547
5058
9811
-6331
6710
-6637
-5537
4606
-5387
7965
4996
4074
-4458
-5472
-4488
-5516
-916
8625
7178
-2017
1951
2169
7383
3710
-1385
-4883
7307
-3671
2270
-5222
-4022
4070
1406
-9083
4207
-8850
3159
4772
448
6447
-3320
3701
-1669
7235
6091
4414
-9735
-1681
4884
8028
-1604
8257
5410
5461
-6028
689
-2932
-8645
7980
2470
-8417
-7066
5985
-2103
5951
8112
1765
-7835
1715
-5676
8665
-3078
-5253
2152
6013
-1720
-1375
5950
4478
-7273
9050
-7162
-4519
-9554
-489
6849
-9830
-4579
-1913
-9719
-7559
1976
1236
-9500
9430
-2125
2383
-5359
4199
-3313
7629
-8988
-6072
-3556
9773
3671
3266
1370
-5001
5551
5161
6985
-1114
-5030
-1059
-9995
3140
-8371
2111
6662
-7405
-6163
3705
-3822
1633
9274
-5560
6444
1945
-8910
5563
9124
3778
-4602
-8130
8216
3654
-826
-1800
-3147
-5707
7313
-1408
5327
7145
-4320
1783
1799
3050
-9069
9789
2217
-4001
-4409
-4534
-2072
-9062
5347
-9808
-590
-9092
-4514
7848
-8784
-9697
-2730
7721
1099
-115
4220
-5650
4939
7701
-5925
-4533
3090
663
8085
4179
6492
-4569
-9230
7313
4691
3683
5952
6615
-7222
-9824
8655
-5204
-4177
7649
9257
-9506
4898
2748
-1953
-2573
-4737
-2890
237
4709
9189
-8412
5982
3820
-5653
7411
-1492
-9593
-3924
-8799
-5866
-5316
-2363
-4490
-8405
5549
-4650
-664
-1445
-3997
3734
-5295
-3839
6279
-325
-6673
-8528
-6213
-9339
7054
-1939
4493
-1357
-7941
3089
-7847
-9991
9687
-5104
-2254
-9056
4078
-6540
7497
4186
1588
-8211
-5726
4812
-9843
-6663
9231
5447
304
-6837
-9605
-3231
-9416
-7745
9874
-6930
-2872
-762
-2849
3524
8806
4056
7145
-1338
-97
-9668
-9851
8882
-5435
3723
5063
5277
-1323
3059
2267
-5633
8799
7273
8548
2250
4506
7062
-116
-3240
-4890
5035
-7741
-5103
8041
7919
2596
9276
-763
4878
8190
-9996
-6146
1343
6161
5847
7366
-7380
8304
-4641
-9256
-3099
-7296
3597
-8384
-6108
5979
-8158
7701
-5429
-959
5633
-2462
9406
2305
373
-3468
-8981
-4157
905
4054
-3090
-424
3697
-7434
4767
2407
-7988
-7283
2586
3703
-2590
-9482
-3746
-3225
7524
8034
8759
-7732
439
-1181
566
-8887
9334
1254
8041
-6794
-8937
-5948
-3664
5883
-8101
-9313
-201
-403
1725
-7130
418
-5290
1509
6154
3248
9499
3068
7698
-7994
3626
-954
5939
-84
-8273
5743
-6796
6693
9006
-1106
-5766
3133
-6235
8973
9763
-750
-6879
563
7554
6406
-6037
-3135
-6805
-3084
779
-7404
-6547
1503
-8454
-4363
1898
7737
4719
6330
-7544
-574
-2766
8729
-266
2349
-747
-397
1444
4354
-2333
9694
7054
-937
1750
-5047
-1423
4834
8155
-1365
-4601
-6373
-3407
-6358
2340
-4524
-9450
-9634
3196
-5311
-1062
3982
-5354
-353
-4530
-2835
-1827
9740
7404
-1546
-4399
7882
-7539
5628
-6101
-4744
7767
5141
6665
1911
4655
5680
-9675
1822
2343
-2961
5796
740
-6185
-5742
-2317
-3256
4304
4205
2453
-8647
3512
-1642
-397
8804
6931
-9843
-6077
-993
8246
4512
6470
-640
7744
-4963
-2070
-6748
4823
2361
-7768
-6393
8609
-9422
-2814
228
-7918
3132
-956
4153
-4049
-3379
1320
254
-7988
-5027
5880
-4910
-2112
4482
7098
-9645
1396
-4780
6854
-4815
691
-2787
9026
-9463
-2917
-3997
-6961
-9128
-714
1794
-2547
5483
-3298
-1932
-5929
-6931
9574
3040
6541
5640
7413
623
4175
-1309
2963
8151
9820
6987
-3599
-7262
8155
-8799
188
3019
2372
-6020
6892
-792
-9437
-9888
7373
1487
5761
3537
1719
8648
7807
6351
429
1584
4739
4922
-471
-9714
6309
-7018
5907
4047
-1355
-8434
3164
-3394
3292
5418
-2352
-9009
-8272
-8636
-1270
4686
-3456
8418
-3889
-3489
4688
9241
-6090
4014
-4889
-1009
216
6881
9069
-3426
-2021
-110
598
417
4474
-4936
1308
2692
1237
8723
-8971
2725
3054
6200
3326
2485
6059
-4761
1434
-6761
-7233
9033
4717
-2199
9062
-5978
-1
-8857
8085
-2024
8784
-1835
2817
-5971
-4644
-6830
7564
6855
6349
-5542
234
-1770
7338
5796
9949
-3238
5570
4349
587
-1023
-1431
5309
2737
3403
-5376
-8301
-8617
3586
4600
-5141
7768
8132
-3145
1051
691
-6594
-523
-9967
-6632
6973
-2111
7123
-6642
2886
-7914
2001
-9121
-8730
7167
5034
7357
-3183
2999
9374
-2737
9174
9858
-8197
5832
-830
-2522
5585
-8305
7607
4148
6281
4630
5008
3955
8669
9788
-1279
6765
1673
-4587
1567
7631
3153
8634
-370
-9008
1544
-6291
-6287
-9760
-4979
-4407
-8630
5383
-2474
-579
-8825
6308
4935
3827
622
-2936
5107
9046
-8523
6146
-4854
2251
6354
-6456
-7717
2925
2814
-8556
5806
1142
-6082
-9349
-7430
-2139
-2218
-5084
-5176
5128
9206
5181
-9170
6431
2863
-3241
4307
-1632
-9514
-9213
1041
1706
-8549
-2392
-25
-9493
7278
6512
-1030
-2570
3721
3745
-3542
-9261
-1613
-7982
4122
4132
-1185
-5125
6564
452
7323
8445
8664
-9749
5882
3223
4799
172
1928
-4162
5604
-8687
1291
-109
9290
-1467
3109
8098
-9581
3237
7601
7765
-8172
-8853
-5451
2104
1373
9353
-7824
-1032
-5769
-3864
-2018
3913
543
-1511
2762
-7400
-4585
1669
-7038
-1526
3515
-1188
974
996
-539
4981
3283
2587
-609
3037
8174
-4131
-5627
5596
-4121
-7861
-7372
1032
6275
9950
618
5962
-537
8362
-8843
3771
914
-8616
-3351
9683
-3817
-1709
-5039
6400
-1351
-9521
9727
93
-9633
-8439
-125
-8264
-3677
-1867
251
4655
513
-3573
-4361
9029
-1670
3284
9040
-8201
-452
185
561
-3000
7763
-8508
-9576
9177
-8709
-8413
3786
888
-7983
-9741
8032
-7846
-7560
-5020
-2109
7260
4798
-9474
-968
2399
9529
-2521
-587
-7221
-3025
-948
9507
-8895
5402
6615
6090
-3133
5241
8584
-4397
-6969
9355
4135
871
-9781
-6851
-3309
5938
-2880
9679
5697
5341
2946
-992
9354
-3674
-4199
-9156
2892
-6913
8142
319
-4726
3861
-4202
-1202
552
7641
-3673
-7843
8520
311
6115
4895
7191
562
3701
-8939
7869
5778
-1403
1410
-9153
-4243
-9503
-1516
-7093
-29
1789
6648
5034
1181
-60
2165
-1503
9080
-5770
4711
2511
-731
991
-7899
2676
9445
-5715
-1908
7453
-7576
-4973
-9552
2016
2600
2096
-1882
7130
-4487
-4883
-4478
-544
-3703
-4918
-6661
4256
-1491
-5069
-9939
4680
8169
-5759
-1024
3104
3052
897
-105
76
4250
-3168
4490
-1296
-230
5284
-1530
8239
2329
267
-3589
3612
5534
4900
-4003
-249
6495
-5888
9187
4742
4475
-8676
7571
-5664
8545
-7064
-4294
-8828
5918
990
-1981
-6675
6045
5124
9281
5044
2318
-1205
7340
7355
3366
-245
-8630
1230
1099
-6466
7364
3420
-6900
-5232
7150
-2722
-6880
8220
-6024
-346
-2609
-588
618
2597
2137
1687
-1249
3992
736
-4664
-4714
7058
7788
-4353
-3232
-6675
-6358
-677
-5050
-153
7718
7011
5196
-2136
-7861
4284
3081
-1543
-6406
-703
-7699
-4209
-3942
1743
9413
6496
-8510
-5005
-7573
-3686
594
-4233
-7165
6330
8752
339
2141
-1132
-5378
8498
-97
5836
3232
6060
-6569
-5090
2440
9765
-8907
-5809
-3738
572
3329
-1650
4939
-9489
5870
-816
9904
3545
-4597
-6773
588
401
5677
5559
-547
-4085
-8238
8653
-1521
5848
6711
2334
8307
-6000
6165
-6849
-2331
-5721
1966
-8998
-6302
2833
-8955
1407
-4754
-8416
-7050
-7975
2054
8866
-5733
-5967
-1862
3182
8988
-9822
8839
3235
1165
-5358
1215
-1244
8441
-4038
-3920
8404
-6838
8300
4226
-7812
-7477
8246
-8728
-8467
-872
-5549
150
-933
9261
9816
-1395
1836
-7065
-4143
-816
-1112
-7143
1417
-7602
4970
-6894
9206
-5205
-3009
-7633
-2082
-2780
-2283
-7714
-7797
-7367
-6688
-557
84
1270
4214
-7613
2916
851
-1069
-8503
-4253
-2733
7861
-8180
-8142
1868
-27
-1819
4239
-9801
-8699
6777
8854
1773
366
-6615
9401
2028
-608
8155
7421
1382
-4161
-6277
6541
-2821
857
1495
9586
-593
-9466
-318
2611
-3639
-5225
-6017
574
-265
-9954
-7144
2232
9502
905
4488
3163
-3960
2164
2040
-9968
3393
3363
-5542
3050
8758
-5405
8315
4961
-471
-1784
-4858
-9198
-4884
-9560
7174
-414
2164
2885
-1387
-3488
-9981
9803
-6967
-6225
1147
-4788
-5190
-1464
-5344
2290
2659
7722
-9237
-7195
-9839
8734
-1299
8323
-9084
-5073
8194
-8847
9815
-8701
-8755
-5595
789
-9280
8309
-535
-1286
-4340
4923
-3996
-8293
-1886
5556
9397
-9662
-4524
-1675
5583
6323
9228
-6224
-1473
5007
-951
-6366
-9183
6052
-183
-3728
8544
-4863
8880
7446
9107
5683
-7400
3590
-2957
8044
-2698
6306
-11
-1474
-3712
-2832
8701
-315
5854
4329
8636
8196
-2769
-6172
-1591
-9277
1680
3584
5638
-717
1830
-9121
-2023
-972
-56
-5910
1445
7587
6340
9337
7425
-9099
8196
-8528
-5482
-6720
-4291
6309
6372
1533
2666
-9381
-6418
1013
-8853
-2207
4590
1088
-9203
-1992
-1999
9250
2432
-7706
-9527
-9770
6044
2197
5226
6525
2500
54
-2608
7142
-2460
7525
-1805
1149
9098
5657
-9422
-9786
155
-2694
-9051
5350
7382
5225
-7116
-6494
-9916
405
-947
-3788
5274
2020
-3919
6462
2521
-1789
-3000
5661
5789
-9319
-4899
2490
1431
5308
-8624
-651
-9362
-4925
-811
158
3433
1844
-6267
-4765
-9140
-6384
5945
-308
-6558
-5487
3046
7889
240
-5400
-7370
-7329
-1803
-1002
-1280
-8154
-1662
-2010
7323
3517
3767
8461
-110
-9106
-5041
602
4818
1605
-7532
5572
-2434
3891
9847
210
2618
-1927
-9056
-4191
-6629
-946
-4035
-9067
-1407
-8531
-4159
-1803
3709
3277
6611
618
5737
-858
-7781
-8195
-8058
-2761
6119
1262
3865
4781
20
-7523
-6341
5020
5306
-6766
85
7990
360
-1956
2322
2265
-7790
6171
1040
-5735
-9702
5307
-7968
5717
-1181
-8889
-4762
-5425
-9810
-2978
8823
3774
-8443
-91
8430
8297
-4915
4636
-6004
-2491
-9543
-6021
445
-8336
1802
4570
4641
6934
-456
7090
-3979
9481
3163
3791
20
-1203
8766
2812
5049
-2972
-261
-1599
395
-7578
9597
-8898
6582
4849
-1029
3713
-1558
-8982
9603
-5375
135
7822
7951
-6233
845
-6267
3683
11
-8182
147
8959
8748
-6636
1871
7768
8770
-941
-6458
-3030
468
9207
-9255
-699
6473
1628
9909
-3906
-4260
4671
-3193
9272
-6918
-7593
1698
6203
-943
-4611
2124
2725
-8448
-7199
9236
-737
-4568
-5848
9592
-4204
-5665
9214
-3007
-1682
8671
-467
-6392
2816
5931
9365
-1003
-8476
8328
6896
-4451
-3839
-3242
-9534
8162
1770
-1220
6009
2535
358
3003
-2463
3626
665
-8172
1784
-8857
4006
1805
-1673
4477
-5042
6854
-5736
-1389
-3389
-1987
-6484
298
-7090
806
874
-4859
-8749
-7291
435
7670
-8076
8518
-1503
2741
-6629
-1197
9621
1021
-7339
-8491
-4281
3461
3937
5758
-4191
-6142
-2732
-5423
4261
5832
-3301
3263
4854
-7270
-4860
2090
-5176
9407
7326
2656
-36
-2669
8532
-1048
-7228
6945
3084
9533
2308
9081
-9835
-3003
5086
7455
4110
-4666
2983
-593
-1573
2637
2392
-8160
-924
5512
-9254
1303
9331
-4859
-3234
2860
2868
-3350
-9740
-1110
4416
7452
1388
-3561
347
2171
-1297
-9783
-8161
8207
-5326
5651
8913
2546
-3026
-9331
5222
6410
9840
5604
-9491
-7801
9550
-8803
80
-8844
-502
-9701
-7451
4346
-1908
-5236
7118
-7099
-1958
3936
6435
-2652
-4199
6640
8963
-2031
8760
2745
9163
417
-6016
-410
-4964
4500
-1721
3105
-2231
-7390
9578
-6230
9134
-1606
-6941
6667
9952
-9099
1747
-8705
-2480
6969
2073
-2976
7330
4983
5318
154
4209
-8452
7238
8414
1966
4279
134
6769
-3742
773
-8909
-6370
4503
58
9218
-5423
9533
8792
-1874
9235
932
6205
3367
9979
4267
-609
-1899
-3986
-3161
3115
4630
5786
-7748
9280
-8522
-434
2749
-2853
9212
3724
-372
-1985
-1287
-3032
5327
7821
-3912
-8761
1533
-8558
9191
9200
277
-7886
-2773
-9404
-5382
-4081
1369
-7522
6640
3702
6287
127
-7178
1703
-2417
6878
-2935
6982
-6827
119
6381
8180
6666
-8179
9522
-3200
8742
3190
-5307
-6044
-4649
-643
9475
-7355
7117
2857
-3386
522
-8022
9722
9799
-4286
4834
-3665
2144
-3599
3474
-9602
-5673
-4668
9977
4314
-3704
-9249
677
-2173
-5787
2553
3357
883
6922
-7735
5939
-2667
-5219
793
-372
-3305
-2647
-2534
9668
5502
-4698
2463
-8604
9217
-7325
6774
-527
-1338
5900
2499
9157
1205
6752
9248
6816
157
-8692
-5261
8779
2045
6541
982
-9337
2278
-4712
-6738
1204
-8576
-7203
-499
2418
1473
5854
-8156
8816
-8809
6584
8898
9016
-8606
-7756
-1173
-1273
1914
7525
-3467
-680
-7938
-2129
5936
5472
9299
8643
832
5472
-9861
-8779
-4582
-9515
8514
5576
9680
8292
7386
-9307
-656
3455
-2349
5139
9350
5016
5679
6978
9412
3986
4470
2711
4749
3907
-791
1046
-2415
-9434
-6350
383
-1328
-8012
-833
7892
-7529
6564
9873
5815
-6967
-8966
-9598
8136
3875
-1599
-4948
7472
-3945
-9670
-6161
-6883
-7060
-3944
-9831
268
-1339
-1589
-1630
1459
2473
2927
-8944
6143
9530
-8682
-7078
-8825
-3638
-3744
-9165
-92
-3986
-2732
-3672
8419
-9294
-2255
-2554
8446
-2807
-8721
7624
5051
-9574
7815
6391
-4585
2476
3860
7586
2097
6741
7513
-152
-735
-4373
100
5219
8972
8179
5868
-2537
-6855
5459
806
3192
3159
3473
-3631
8201
-3549
5645
9641
4641
-6463
-4976
2380
-5977
-7006
5652
-4370
-6406
7528
7826
-5369
-5641
16
-6070
-2506
2002
2360
7569
-7461
9696
76
-1322
6687
-3349
4726
240
6703
-8178
-9529
-2650
1740
-2374
1918
3752
-8831
-7929
6588
-6832
5720
4159
4644
6971
-9017
3395
6632
-93
-9420
5014
-7058
-4693
-154
6660
9903
-4729
3128
9400
-1140
-7859
-8271
-6188
-1766
-6944
4223
-7619
9017
9691
-4020
469
2210
2166
-3504
6533
-2690
-5015
9184
-705
-2017
-91
-2729
-2040
-4220
-543
-8893
-2991
8767
8938
-9478
9922
8478
-8672
1865
-6725
-8294
-4407
-8896
-2990
-3351
1178
8541
-1480
-996
2469
3619
2671
6562
-269
-6825
5349
-2454
500
-9314
7628
-1517
-3196
1642
-3371
-4128
-5247
1567
-2004
-1255
-3392
3860
3560
-8732
9429
-6404
1950
3705
-3115
182
8617
-2755
3432
-777
9309
9388
4548
8471
1615
9492
1621
3686
8055
-6694
9205
575
4284
-19
1187
1196
-3642
2276
-5452
-6273
6106
6857
9511
2439
7581
4345
5378
3141
-8250
-4615
6021
-3323
-7174
815
-126
934
-8156
5984
1765
5998
5507
293
3304
-4047
2263
-237
-8386
7921
8598
9172
9369
1424
-7918
-942
-5562
5762
4976
-1035
2253
5422
-6092
9157
-3857
6961
-2126
6556
-1082
6852
3495
-1692
-8182
1342
5496
9163
323
-7192
-9574
-2896
5131
7907
-9462
-4943
-1354
582
2597
-9301
6800
-421
7232
-5770
836
-6642
-117
7433
-2903
208
8932
-8775
-2114
8892
8018
4935
9946
-1296
1575
-6960
-9691
3098
-5732
1903
-4819
1636
7179
-2708
2607
-3511
-3366
-3703
7262
8225
6102
-5011
-33
-2240
-5359
71
-7683
-1722
3504
-681
-910
-4054
4943
-4655
903
3854
9451
-3277
6487
-5780
-9346
7472
697
-6604
7627
-7904
9278
370
3426
184
9847
-2772
6314
6962
3585
-2339
-4488
3416
-9201
9397
-9867
-3245
-3218
223
4632
4920
7873
-5670
589
1970
-7531
3456
-5858
-1754
581
-2945
2972
3124
-5351
-6947
914
-1175
-3429
-9317
1310
8307
-7294
-4439
9764
-1455
2806
3419
-7713
2063
1892
4034
1345
-1793
-5052
-6681
127
1497
-5736
6522
9255
1108
-1662
8600
6793
5103
-1187
-3738
-6896
-1434
-2181
6680
4375
886
-87
-7263
2604
2540
2027
-414
9045
-6295
9526
7817
-5829
810
-6360
7959
326
-1838
6361
1203
3446
7079
-63
6384
2609
6316
4920
2228
-6441
-4984
-798
8695
9877
-8691
2236
-6640
1997
9799
1520
-6440
-4340
9852
-1399
-5506
-7288
-6437
7900
5866
-7616
-1559
9962
661
2196
9661
9135
-3397
-7127
7778
1255
-1506
28
-9335
8386
505
2506
8769
-7494
-8402
-621
4290
411
-5871
3500
5394
-7725
4648
4705
-3298
3249
-9240
-9307
-6771
-585
-9763
8642
-3802
-2786
4038
-9921
3100
1303
-5652
7097
-801
5083
-6576
-8037
8458
-4256
-6495
5881
-466
-3981
3997
2131
-8159
-5255
-8530
2325
-7467
2580
4687
-6919
-8291
2685
2455
6540
-7739
-5325
1808
7405
8608
-38
-193
-3004
-2536
7266
-9735
-1593
-7287
8349
-6870
-2486
7916
-199
-8630
-5735
-7684
-5855
-2855
-413
7393
-4068
7159
-6076
1635
-1911
-1061
7729
7418
-9507
6453
-6415
-90
9347
-5093
2185
2059
-4490
-4210
-1422
-9724
1735
3661
4872
5397
9704
203
-2043
-9809
3627
2707
5249
887
1858
-132
-6870
-9826
-5551
-1455
5517
6202
6108
5162
5789
-4737
-5051
-8689
-7627
-9345
7233
1061
-289
1924
7977
8087
274
2665
-4357
7041
-7189
-3904
-4297
5816
-7817
-4302
-3220
-6484
2496
-1222
-9782
7514
2278
-5075
8589
6046
2536
3990
4690
-7676
364
-2899
-5467
-4447
5185
2075
8293
-5890
-7077
-6493
88
7183
-5416
-551
4749
-1137
-987
-7421
-1805
-6322
3146
-1548
7761
1848
4239
1288
8368
8675
-3578
-4308
-1025
-5653
-4978
-6798
9233
7406
1982
-8833
7313
2281
-6201
-5406
6480
-8349
708
-3042
-4474
-5079
-8690
-3449
696
106
-3886
-1678
-1824
-3237
9948
6230
-6913
2974
4757
-6973
2179
-1779
2000
-8463
-8060
-7971
4175
3806
-372
5548
8827
-3753
-3919
2569
-7482
-4321
-64
-706
7691
4841
1936
786
-1546
6559
-8568
5783
595
-5776
7335
-5982
9711
500
-9744
-2630
7082
-9404
-7025
-5187
-3669
3287
7089
-7829
-7745
-4577
7909
2861
9107
7285
203
7463
-4068
5816
-1852
6685
8350
5870
184
8790
-4585
-2184
5387
9188
-1111
8111
7565
-6042
-114
4130
-2946
8214
-9707
-2764
-1335
-9391
7169
-9917
-8847
-1498
8792
-2109
3162
-4728
5442
7645
-9387
7121
5066
-9014
-7716
-2691
-9213
5342
-3816
1388
5441
7166
-7767
-7957
8155
8533
-3179
-1163
8642
-7623
-2730
-6662
-858
9581
7894
345
-2542
-7397
5527
9540
-2488
-902
7587
-4979
7429
9424
-8534
-3927
-4947
-3247
1153
-6064
-1798
3831
629
6830
-6596
-5256
3440
8612
2058
-3015
-4716
-8703
-1967
5317
5849
-948
-349
-5406
-3690
-7790
4740
-417
-8077
-6984
7649
-9310
495
9338
-4481
-7836
-9117
-7978
7167
9278
8989
-2851
5285
-5866
-7805
-4213
-1526
9571
-9736
-1927
-5210
-3622
5035
685
1870
8983
8443
3848
-7493
-6366
9621
8552
2933
-9583
-3167
8728
-1914
-5355
-7104
7835
-9188
-8787
-5968
6267
3143
9874
-3216
-2614
6926
-2666
-8470
2065
7861
5692
7325
-1950
1326
8403
-7831
-3204
1591
-4562
-8054
5363
157
-4085
8271
3632
9543
7444
-7016
-263
7593
-9255
9003
-4124
6995
-6129
-5298
172
1202
2154
-2341
-8072
4829
-2564
1788
9244
-6211
3642
-2495
8341
-6516
-5236
6763
7129
-8742
2677
9906
5286
1806
-1272
9453
-9867
-8887
5109
-8783
-3405
-7335
-3666
-7358
-9700
-1898
-4880
-626
-1673
4002
6699
8551
5507
9043
-8371
-2737
3241
-1922
-1543
-2215
-1211
-436
-6482
2392
-2305
-7203
-4050
6849
-6431
-6756
-1837
-7427
6105
-2373
2710
6069
7036
-4203
-6593
122
-3964
6209
-7900
1676
-9324
338
-9601
6476
5568
8010
3190
-2771
8647
4155
1773
-7002
5502
-1059
4120
-3629
-836
5259
7637
1102
-1818
-1778
2874
-3558
7873
-1899
-6014
9655
89
-8786
-8798
-4605
2790
-9513
-2613
9398
1542
-7085
3606
-7396
-5175
2701
5108
4679
-8267
4517
7008
-1043
-6670
-78
1876
4249
-5656
1946
1148
-8554
-884
2275
3268
6264
8221
4368
1085
3467
-6166
6522
-9154
-5590
9256
-7936
8500
-7571
-2874
945
-9637
-9607
4225
-540
-3181
-3496
623
-2380
-2977
-8560
-8856
-1622
-9165
-5957
-1713
-2705
9799
-7343
-9227
-9881
-7259
7266
383
-1910
4487
7779
-165
8250
-7352
-7440
-1890
8820
3505
-885
-1659
5918
7082
608
-6904
2218
-3933
-5285
8535
-9810
5652
6520
-6732
2177
-2910
-3113
6647
-6229
3535
5759
8378
-972
-1524
-9420
6292
-6896
-4630
9021
-7019
-5260
-3675
-5391
-5499
-838
-7899
8150
6981
506
-4837
8162
3501
-2232
-3867
3974
3949
-6234
5832
419
4042
-9432
-4946
3933
-934
-3829
-1714
7188
-3821
-1713
-1002
-9692
-8853
5000
1381
-9269
-7936
6499
2272
-6031
5645
-7202
-5207
-1185
1390
-1735
-5234
9477
-1970
-9515
4959
-3965
6488
-7262
5504
-3239
2870
2793
-479
3262
4332
9460
-6317
-3693
-6442
9426
-3408
-8291
8789
-4036
-9404
-2791
-4064
-9178
4790
-7162
-5476
8208
1400
-6135
5188
-7541
4996
9663
-5601
-9287
-8711
3851
-9637
-5942
864
8561
6600
454
3145
2307
3300
152
7061
-5391
-9814
6144
8371
1883
-6028
477
5802
4297
3522
-9187
-2215
-7471
-1195
-8960
561
9556
8496
-6171
-5444
3606
-5441
2468
8241
-2521
-4806
-4681
2121
4357
3349
5212
5707
1540
8629
-6728
4418
-6179
7033
-3968
525
-71
3083
5216
759
-2518
534
-8751
2917
5479
9023
-4750
-268
-5129
3019
7561
-3325
-4903
-2192
-3612
-5628
-659
-1674
9038
-6115
3754
-7833
8083
1476
-2777
8922
9662
6767
-3692
2456
3748
-9581
5936
-3083
9451
-8093
7142
-9028
-184
-4232
1030
-1856
-8604
-3274
1609
-9482
-2119
-1669
-6070
3514
-6699
7760
8718
-8455
-6197
3143
7435
8098
-8584
9136
4061
2723
3577
-8676
5174
-130
8019
-4504
-2976
1440
-8179
1579
-855
-320
3381
-8544
-5406
-2988
-6504
622
-4440
9492
-5644
-3936
-40
1453
-4978
-299
5676
3310
-6408
-2985
1282
6818
-6719
-7038
3088
7591
-538
-1521
-5857
-9864
-3702
7491
6592
-2574
7991
1339
6423
5297
-4091
2414
-9089
-6480
-6830
-7893
-5167
-7714
-813
-9238
-1095
-5383
7822
-4142
5739
3366
-2170
-9664
-2270
2718
4144
-7382
9669
-5531
8032
-2283
1907
6033
9824
1153
5946
9973
5983
-4404
1459
4464
-5753
6966
-5763
976
6942
-1111
3034
-843
4712
-8103
-4445
6964
-63
-3032
-5216
589
6799
2279
-1366
4944
8368
2008
-3373
5813
9556
9979
-9991
-857
-8336
1114
-6744
4575
3396
5167
-9059
3335
-9826
712
6581
9286
898
145
-1994
-948
-89
-63
-4749
2802
-4407
-3168
7003
-4777
-3826
2275
753
-8932
-6302
9102
9526
4835
2583
4842
5816
1301
7550
2776
8184
-7018
882
8334
7411
6403
2257
1930
4040
9538
-2240
8404
-3734
-2340
-7997
-9133
-7881
-4427
-372
-6359
-9090
-1883
-8799
-2907
-3376
4536
7854
-5834
9296
-2901
-4990
9135
9843
-3358
-8872
6643
5432
-9635
-241
-2091
-3580
4661
-7355
-9918
-9318
-553
-9227
-602
8797
-2778
1413
-2247
6989
-3810
3572
8729
-7119
-6638
2766
-8581
7976
-7162
-6565
-3325
-4380
816
5794
8275
4630
831
5935
-8269
-8938
-9773
-1832
-7507
180
-3856
-7707
-1591
-322
8526
-6688
1914
8120
2243
-3019
7255
5528
4726
4125
-4096
-6102
-4170
-7749
3909
2608
6211
-6767
-5168
-9384
9413
-8397
4342
7591
-7499
6945
2441
1835
2964
6498
-4337
-1928
5127
6737
2987
-1264
-4303
4905
-1408
2618
-342
-4046
5241
-5874
8655
5365
2931
952
-4121
2980
898
-4967
-3091
-169
-8801
4511
9070
4777
8613
3292
-3072
8850
2279
-1489
-6430
-9773
224
-1098
-9254
-2284
-4693
6024
-8861
-5224
9501
2167
-5374
-3735
3485
-8848
698
-4584
-7960
-1285
723
8218
-8340
1633
3118
106
-3232
-6084
-4135
1526
-6971
7424
2976
-9474
9423
726
4126
-5269
2562
5245
2549
-5340
2439
4564
-7143
-2484
-9747
-2824
8801
-5696
-832
-2205
-4793
1375
-6146
3341
-1360
600
-5414
1928
-4921
-8068
9972
5330
-7013
8452
6259
-7446
-933
7936
-1003
-901
-6778
8064
-6844
1351
4291
-2252
-7961
1642
6049
-2282
-4697
1981
2381
-1562
3983
-5265
-6934
-3923
4587
466
6001
1224
8902
644
9649
9682
5041
-1685
8794
3839
6342
2765
302
-9066
9703
-7801
-9649
5765
7571
7113
-5737
-5614
-1809
2192
9699
-4396
-9710
-6128
-8245
-2218
-3769
9819
5456
1151
-3476
-4180
3806
9846
2133
-9316
76
2051
3097
3027
-4548
2078
9949
-6120
-8530
-946
270
-6772
1337
1642
2334
3615
5868
7287
7023
-8692
-5182
-6868
4057
702
6664
-8453
5446
-1347
-6994
-5950
-3442
8270
8888
-1863
4901
-4902
5950
-7423
1725
-5957
-2359
-7310
3636
-7486
332
-8254
-6795
-745
203
-3758
-8077
2956
5846
-7212
830
7148
4498
-9057
-6340
-8817
-706
-54
-5742
-3339
-6010
3846
-4566
5866
-1370
-4081
-372
-246
3309
-1480
4216
-3401
4465
-5048
3724
6107
8779
-6909
7892
-2257
8534
4833
2680
-5276
9384
-778
9938
1487
2894
2423
8711
-148
4770
3255
-3074
5246
-9627
348
-9739
-4405
4689
5674
-5894
-714
-913
-340
419
3403
4427
-4147
1289
-8010
6191
1164
5025
-9825
-6551
6417
-1196
-5819
-7572
5415
3951
-7953
2526
-4616
625
-5159
168
-6445
1131
-1003
2426
-9077
-6764
6728
6087
1596
-2357
1899
5344
6423
1721
-2837
-7569
802
-7434
-4848
8398
-7694
7005
-2676
9304
-3947
2550
1656
-4535
-5705
4396
7023
-7761
6983
9384
-2494
3996
4696
-4040
-6519
-6990
-6200
7349
33
7346
5986
-270
9044
-3811
-9771
4281
-446
-2835
-7729
7196
7848
5312
-7813
-2979
8639
3255
-284
5746
8049
-9650
-9984
3909
23
3389
-7312
-1839
5387
8951
6860
6498
-4203
-5898
2641
7705
3676
7062
-8793
6317
-4029
-1472
-9356
3167
-7463
-8473
6630
4003
-1823
-7952
-7738
4164
4698
-7914
-50
-1861
911
-155
-7557
9575
2724
-9816
7736
5893
-1752
4793
-8899
-7605
8229
3404
7689
8449
-5557
-5806
3188
-4875
-106
-9940
-3199
-860
-8060
-6490
4675
-3672
5352
2881
-4255
-6069
5579
-2889
-8045
-7441
1017
3095
-7308
4560
-3834
-4620
-1312
-8119
-4627
-5024
4389
6803
7506
-2230
416
-9493
8787
-59
-4700
3683
9114
-5477
5885
7326
5508
1104
-4965
-1457
8506
9494
-5946
-5451
-9837
-5021
5499
4539
-2026
-2313
4481
1612
5288
-1743
-9413
185
5945
9098
-2915
7581
7167
-8533
8992
9504
-9096
-6409
-474
2391
-24
-6576
-6228
-3548
7681
-1334
1540
-1540
328
1828
-2971
-3373
-2080
4004
-8123
1211
-8100
-9579
4976
-7907
3546
990
-6732
-2234
-3334
2892
-5754
-547
6549
-7652
8116
9234
-6966
-711
4548
-4479
-3033
6705
7727
-4889
8391
-2466
6020
-444
-5384
-8593
594
2452
7123
9039
2908
211
3356
-4194
-1613
-5791
-772
-8588
-8548
1615
7497
-78
-94
-9116
1667
-1839
9258
8526
-5795
-509
2931
-9158
-3548
7271
9447
3747
5528
-5778
-2710
1894
2001
8176
2325
645
8072
441
16
-5830
-4595
-4062
8929
-6951
-8800
1185
-5021
5008
4101
5324
9710
-6793
5850
-2901
-6408
-5807
7061
-2106
-3797
6993
-5890
1974
4122
-9155
-6961
3085
7651
-3714
-6635
-1977
-2130
-2189
-1535
-5610
-7058
8062
-943
-9367
3730
6201
7322
9329
6035
-7445
-3986
-2426
-9013
1457
-5939
-7687
9269
-3798
3410
-2633
8254
-5991
3516
355
-3467
7834
4418
6856
-2848
-7974
-2759
-6539
-1755
2771
-8285
-2473
5396
-1960
3816
9509
-2475
8722
2810
4586
2899
6119
-2996
3241
-776
-2008
-5082
820
-6324
-5877
2999
-8647
-9844
3771
-7871
1988
9778
8983
4352
-4090
3669
6126
-1556
2812
-6915
3002
1995
-2695
-8097
-1234
1386
5754
7854
6223
9933
8259
-9260
6880
2499
8000
-8853
3098
-7690
-3234
2396
4076
8389
-9047
6278
-2795
2471
-272
-2741
3543
7211
9489
1918
6735
3681
9904
-5847
-6305
5181
-4874
-9352
803
-530
778
-6063
-3173
5519
-4792
-7222
-7459
6188
-5976
-2640
6900
9436
4904
-1932
7124
8763
7079
7180
647
2434
3903
1171
-1026
6742
-6468
-5116
-723
7547
7548
8671
9162
5582
7178
-6171
-5873
-4330
-6939
-9734
-4622
-1040
-7514
5927
6391
-6812
-3459
6787
5631
-4041
-6494
-2522
9855
-2781
5732
-501
8499
-6680
1372
-1130
-8587
3536
-7617
2953
5851
4329
-285
-315
-9374
-2223
2701
-1242
-1584
822
9293
-3299
28
6039
8096
1270
7091
-8328
980
4612
3331
-4143
-3751
-1198
702
-2687
-5915
-2209
7675
3697
1914
7372
-1624
-5452
-6146
7187
-3284
1644
1450
-1216
7069
-1769
-6758
7375
-2411
2909
524
9247
-21
1958
5736
8402
1468
9505
5116
-8014
-4118
-288
7282
-4785
8343
8788
-2213
1413
23
7181
5301
2768
2815
1440
5164
1393
4861
8255
-5236
6813
8546
1198
-1583
2042
2902
-183
-3174
-9230
629
5709
6939
3514
-1869
-4430
